-4.025
-3.820
-3.630
-3.455
-3.292
-3.142
-3.003
-2.874
-2.754
-2.644
-2.541
-2.446
-2.357
-2.275
-2.198
-2.126
-2.059
-1.996
-1.937
-1.882
-1.830
-1.781
-1.734
-1.690
-1.648
-1.608
-1.570
-1.534
-1.499
-1.465
-1.433
-1.401
-1.371
-1.342
-1.313
-1.286
-1.259
-1.233
-1.207
-1.182
-1.157
-1.133
-1.110
-1.086
-1.064
-1.041
-1.019
-0.998
-0.977
-0.956
-0.935
-0.915
-0.895
-0.876
-0.857
-0.838
-0.819
-0.801
-0.783
-0.766
-0.748
-0.731
-0.715
-0.698
-0.682
-0.666
-0.651
-0.635
-0.620
-0.605
-0.591
-0.577
-0.563
-0.549
-0.535
-0.522
-0.509
-0.496
-0.483
-0.471
-0.458
-0.446
-0.434
-0.422
-0.411
-0.399
-0.388
-0.377
-0.366
-0.355
-0.344
-0.333
-0.323
-0.312
-0.302
-0.292
-0.282
-0.271
-0.261
-0.252
-0.242
-0.232
-0.222
-0.213
-0.203
-0.193
-0.184
-0.175
-0.165
-0.156
-0.147
-0.138
-0.129
-0.120
-0.111
-0.102
-0.093
-0.084
-0.076
-0.067
-0.058
-0.050
-0.041
-0.033
-0.025
-0.016
-0.008
-0.000
0.008
0.016
0.024
0.031
0.039
0.047
0.054
0.062
0.069
0.076
0.084
0.091
0.098
0.105
0.112
0.119
0.125
0.132
0.139
0.145
0.152
0.158
0.165
0.171
0.177
0.183
0.190
0.196
0.202
0.208
0.214
0.220
0.226
0.231
0.237
0.243
0.249
0.254
0.260
0.266
0.272
0.277
0.283
0.289
0.294
0.300
0.306
0.311
0.317
0.322
0.328
0.334
0.339
0.345
0.351
0.356
0.362
0.367
0.373
0.379
0.384
0.390
0.395
0.401
0.406
0.412
0.417
0.423
0.428
0.433
0.439
0.444
0.449
0.454
0.459
0.464
0.469
0.474
0.479
0.484
0.489
0.493
0.498
0.503
0.507
0.512
0.516
0.520
0.525
0.529
0.533
0.537
0.541
0.545
0.549
0.553
0.557
0.561
0.565
0.569
0.573
0.577
0.581
0.585
0.590
0.594
0.598
0.603
0.607
0.612
0.617
0.622
0.627
0.632
0.637
0.642
0.647
0.653
0.658
0.663
0.669
0.674
0.679
0.683
0.688
0.692
0.696
0.699
